"year","county_id","county_name","income_group","mean_hh_income","absolute_change","change_rate","change_rate_gap_from_5th_quintile"
2012,"42017",Bucks,"5th Quintile",299813,-16153,-0.051,0.000
2012,"42017",Bucks,"4th Quintile",150598,-8392,-0.053,0.002
2012,"42017",Bucks,"3rd Quintile",100760,-7265,-0.067,0.016
2012,"42017",Bucks,"2nd Quintile",62614,-4755,-0.071,0.020
2012,"42017",Bucks,"1st Quintile",25176,-1584,-0.059,0.008
2011,"42017",Bucks,Top 5 Percent,502339,-25807,-0.049,-0.008
2011,"42017",Bucks,All,96146,-10832,-0.101,0.044
2011,"42017",Bucks,"5th Quintile",298055,-17911,-0.057,0.000
2011,"42017",Bucks,"4th Quintile",146193,-12797,-0.080,0.023
2011,"42017",Bucks,"3rd Quintile",96214,-11811,-0.109,0.052
2011,"42017",Bucks,"2nd Quintile",60974,-6395,-0.095,0.038
2011,"42017",Bucks,"1st Quintile",25286,-1474,-0.055,-0.002
2010,"42017",Bucks,Top 5 Percent,528907,761,0.001,-0.029
2010,"42017",Bucks,All,99749,-7229,-0.068,0.040
2010,"42017",Bucks,"5th Quintile",307092,-8874,-0.028,0.000
2010,"42017",Bucks,"4th Quintile",150062,-8928,-0.056,0.028
2010,"42017",Bucks,"3rd Quintile",99511,-8514,-0.079,0.051
2010,"42017",Bucks,"2nd Quintile",61982,-5387,-0.080,0.052
2010,"42017",Bucks,"1st Quintile",26215,-545,-0.020,-0.008
2009,"42017",Bucks,Top 5 Percent,570413,42267,0.080,-0.048
2009,"42017",Bucks,All,108747,1769,0.017,0.015
2009,"42017",Bucks,"5th Quintile",326047,10081,0.032,0.000
2009,"42017",Bucks,"4th Quintile",157618,-1372,-0.009,0.041
2009,"42017",Bucks,"3rd Quintile",108826,801,0.007,0.025
2009,"42017",Bucks,"2nd Quintile",68323,954,0.014,0.018
2009,"42017",Bucks,"1st Quintile",29269,2509,0.094,-0.062
2008,"42017",Bucks,Top 5 Percent,512596,-15550,-0.029,0.020
2008,"42017",Bucks,All,108068,1090,0.010,-0.019
2008,"42017",Bucks,"5th Quintile",313180,-2786,-0.009,0.000
2008,"42017",Bucks,"4th Quintile",158607,-383,-0.002,-0.007
2008,"42017",Bucks,"3rd Quintile",109100,1075,0.010,-0.019
2008,"42017",Bucks,"2nd Quintile",69264,1895,0.028,-0.037
2008,"42017",Bucks,"1st Quintile",30041,3281,0.123,-0.132
2007,"42017",Bucks,Top 5 Percent,542155,14009,0.027,-0.046
2007,"42017",Bucks,All,104391,-2587,-0.024,0.005
2007,"42017",Bucks,"5th Quintile",309862,-6104,-0.019,0.000
2007,"42017",Bucks,"4th Quintile",154015,-4975,-0.031,0.012
2007,"42017",Bucks,"3rd Quintile",104731,-3294,-0.030,0.011
2007,"42017",Bucks,"2nd Quintile",67055,-314,-0.005,-0.014
2007,"42017",Bucks,"1st Quintile",28202,1442,0.054,-0.073
2006,"42017",Bucks,Top 5 Percent,528146,0,0.000,0.000
2006,"42017",Bucks,All,106978,0,0.000,0.000
2006,"42017",Bucks,"5th Quintile",315966,0,0.000,0.000
2006,"42017",Bucks,"4th Quintile",158990,0,0.000,0.000
2006,"42017",Bucks,"3rd Quintile",108025,0,0.000,0.000
2006,"42017",Bucks,"2nd Quintile",67369,0,0.000,0.000
2006,"42017",Bucks,"1st Quintile",26760,0,0.000,0.000
2018,"42017",Bucks,"4th Quintile",164001,5011,0.032,0.070
2018,"42017",Bucks,"3rd Quintile",108007,-18,0.000,0.102
2018,"42017",Bucks,"2nd Quintile",67580,211,0.003,0.099
2018,"42017",Bucks,"1st Quintile",27169,409,0.015,0.087
2017,"42017",Bucks,Top 5 Percent,571267,43121,0.082,0.000
2017,"42017",Bucks,All,105683,-1295,-0.012,0.094
2017,"42017",Bucks,"5th Quintile",341968,26002,0.082,0.000
2017,"42017",Bucks,"4th Quintile",164767,5777,0.036,0.046
2017,"42017",Bucks,"3rd Quintile",106298,-1727,-0.016,0.098
2017,"42017",Bucks,"2nd Quintile",64231,-3138,-0.047,0.129
2017,"42017",Bucks,"1st Quintile",24718,-2042,-0.076,0.158
2016,"42017",Bucks,Top 5 Percent,600422,72276,0.137,-0.075
2016,"42017",Bucks,All,101801,-5177,-0.048,0.110
2016,"42017",Bucks,"5th Quintile",335530,19564,0.062,0.000
2016,"42017",Bucks,"4th Quintile",153750,-5240,-0.033,0.095
2016,"42017",Bucks,"3rd Quintile",101658,-6367,-0.059,0.121
2016,"42017",Bucks,"2nd Quintile",63723,-3646,-0.054,0.116
2016,"42017",Bucks,"1st Quintile",24846,-1914,-0.072,0.134
2015,"42017",Bucks,Top 5 Percent,586422,58276,0.110,-0.039
2015,"42017",Bucks,All,103940,-3038,-0.028,0.099
2015,"42017",Bucks,"5th Quintile",338524,22558,0.071,0.000
2015,"42017",Bucks,"4th Quintile",160800,1810,0.011,0.060
2015,"42017",Bucks,"3rd Quintile",104166,-3859,-0.036,0.107
2015,"42017",Bucks,"2nd Quintile",63461,-3908,-0.058,0.129
2015,"42017",Bucks,"1st Quintile",25686,-1074,-0.040,0.111
2014,"42017",Bucks,Top 5 Percent,559196,31050,0.059,-0.037
2014,"42017",Bucks,All,100685,-6293,-0.059,0.081
2014,"42017",Bucks,"5th Quintile",322788,6822,0.022,0.000
2014,"42017",Bucks,"4th Quintile",156096,-2894,-0.018,0.040
2014,"42017",Bucks,"3rd Quintile",101128,-6897,-0.064,0.086
2014,"42017",Bucks,"2nd Quintile",62339,-5030,-0.075,0.097
2014,"42017",Bucks,"1st Quintile",25123,-1637,-0.061,0.083
2013,"42017",Bucks,Top 5 Percent,557446,29300,0.055,-0.050
2013,"42017",Bucks,All,96684,-10294,-0.096,0.101
2013,"42017",Bucks,"5th Quintile",317692,1726,0.005,0.000
2013,"42017",Bucks,"4th Quintile",147746,-11244,-0.071,0.076
2013,"42017",Bucks,"3rd Quintile",97124,-10901,-0.101,0.106
2013,"42017",Bucks,"2nd Quintile",59237,-8132,-0.121,0.126
2013,"42017",Bucks,"1st Quintile",25115,-1645,-0.061,0.066
2012,"42017",Bucks,Top 5 Percent,497493,-30653,-0.058,0.007
2012,"42017",Bucks,All,100650,-6328,-0.059,0.008
2023,"42017",Bucks,Top 5 Percent,575286,47140,0.089,-0.026
2023,"42017",Bucks,All,107221,243,0.002,0.061
2023,"42017",Bucks,"5th Quintile",335836,19870,0.063,0.000
2023,"42017",Bucks,"4th Quintile",163356,4366,0.027,0.036
2023,"42017",Bucks,"3rd Quintile",108401,376,0.003,0.060
2023,"42017",Bucks,"2nd Quintile",67279,-90,-0.001,0.064
2023,"42017",Bucks,"1st Quintile",26286,-474,-0.018,0.081
2022,"42017",Bucks,Top 5 Percent,611328,83182,0.157,-0.023
2022,"42017",Bucks,All,109746,2768,0.026,0.108
2022,"42017",Bucks,"5th Quintile",358154,42188,0.134,0.000
2022,"42017",Bucks,"4th Quintile",168398,9408,0.059,0.075
2022,"42017",Bucks,"3rd Quintile",110498,2473,0.023,0.111
2022,"42017",Bucks,"2nd Quintile",66937,-432,-0.006,0.140
2022,"42017",Bucks,"1st Quintile",27386,626,0.023,0.111
2021,"42017",Bucks,Top 5 Percent,595315,67169,0.127,-0.008
2021,"42017",Bucks,All,112712,5734,0.054,0.065
2021,"42017",Bucks,"5th Quintile",353648,37682,0.119,0.000
2021,"42017",Bucks,"4th Quintile",167864,8874,0.056,0.063
2021,"42017",Bucks,"3rd Quintile",112381,4356,0.040,0.079
2021,"42017",Bucks,"2nd Quintile",69165,1796,0.027,0.092
2021,"42017",Bucks,"1st Quintile",26215,-545,-0.020,0.139
2019,"42017",Bucks,Top 5 Percent,602986,74840,0.142,-0.040
2019,"42017",Bucks,All,112106,5128,0.048,0.054
2019,"42017",Bucks,"5th Quintile",348298,32332,0.102,0.000
2019,"42017",Bucks,"4th Quintile",167538,8548,0.054,0.048
2019,"42017",Bucks,"3rd Quintile",112021,3996,0.037,0.065
2019,"42017",Bucks,"2nd Quintile",68314,945,0.014,0.088
2019,"42017",Bucks,"1st Quintile",26268,-492,-0.018,0.120
2018,"42017",Bucks,Top 5 Percent,601646,73500,0.139,-0.037
2018,"42017",Bucks,All,107814,836,0.008,0.094
2018,"42017",Bucks,"5th Quintile",348327,32361,0.102,0.000
2011,"34005",Burlington,Top 5 Percent,472474,58775,0.142,-0.057
2011,"34005",Burlington,All,99249,-4210,-0.041,0.126
2011,"34005",Burlington,"5th Quintile",289141,22723,0.085,0.000
2011,"34005",Burlington,"4th Quintile",150081,2576,0.017,0.068
2011,"34005",Burlington,"3rd Quintile",100084,-2342,-0.023,0.108
2011,"34005",Burlington,"2nd Quintile",62773,-3300,-0.050,0.135
2011,"34005",Burlington,"1st Quintile",27413,-1368,-0.048,0.133
2010,"34005",Burlington,Top 5 Percent,514464,100765,0.244,-0.081
2010,"34005",Burlington,All,104428,969,0.009,0.154
2010,"34005",Burlington,"5th Quintile",309847,43429,0.163,0.000
2010,"34005",Burlington,"4th Quintile",156596,9091,0.062,0.101
2010,"34005",Burlington,"3rd Quintile",104484,2058,0.020,0.143
2010,"34005",Burlington,"2nd Quintile",67276,1203,0.018,0.145
2010,"34005",Burlington,"1st Quintile",29339,558,0.019,0.144
2009,"34005",Burlington,Top 5 Percent,487240,73541,0.178,-0.077
2009,"34005",Burlington,All,106970,3511,0.034,0.067
2009,"34005",Burlington,"5th Quintile",293247,26829,0.101,0.000
2009,"34005",Burlington,"4th Quintile",152115,4610,0.031,0.070
2009,"34005",Burlington,"3rd Quintile",106373,3947,0.039,0.062
2009,"34005",Burlington,"2nd Quintile",69013,2940,0.044,0.057
2009,"34005",Burlington,"1st Quintile",28217,-564,-0.020,0.121
2008,"34005",Burlington,Top 5 Percent,480963,67264,0.163,-0.060
2008,"34005",Burlington,All,110219,6760,0.065,0.038
2008,"34005",Burlington,"5th Quintile",293930,27512,0.103,0.000
2008,"34005",Burlington,"4th Quintile",157365,9860,0.067,0.036
2008,"34005",Burlington,"3rd Quintile",110246,7820,0.076,0.027
2008,"34005",Burlington,"2nd Quintile",69465,3392,0.051,0.052
2008,"34005",Burlington,"1st Quintile",27711,-1070,-0.037,0.140
2007,"34005",Burlington,Top 5 Percent,492908,79209,0.191,-0.075
2007,"34005",Burlington,All,108692,5233,0.051,0.065
2007,"34005",Burlington,"5th Quintile",297422,31004,0.116,0.000
2007,"34005",Burlington,"4th Quintile",154851,7346,0.050,0.066
2007,"34005",Burlington,"3rd Quintile",108730,6304,0.062,0.054
2007,"34005",Burlington,"2nd Quintile",69911,3838,0.058,0.058
2007,"34005",Burlington,"1st Quintile",30680,1899,0.066,0.050
2006,"34005",Burlington,Top 5 Percent,413699,0,0.000,0.000
2006,"34005",Burlington,All,103459,0,0.000,0.000
2006,"34005",Burlington,"5th Quintile",266418,0,0.000,0.000
2006,"34005",Burlington,"4th Quintile",147505,0,0.000,0.000
2006,"34005",Burlington,"3rd Quintile",102426,0,0.000,0.000
2006,"34005",Burlington,"2nd Quintile",66073,0,0.000,0.000
2006,"34005",Burlington,"1st Quintile",28781,0,0.000,0.000
2017,"34005",Burlington,Top 5 Percent,531089,117390,0.284,-0.096
2017,"34005",Burlington,All,109330,5871,0.057,0.131
2017,"34005",Burlington,"5th Quintile",316635,50217,0.188,0.000
2017,"34005",Burlington,"4th Quintile",158167,10662,0.072,0.116
2017,"34005",Burlington,"3rd Quintile",108638,6212,0.061,0.127
2017,"34005",Burlington,"2nd Quintile",68123,2050,0.031,0.157
2017,"34005",Burlington,"1st Quintile",27565,-1216,-0.042,0.230
2016,"34005",Burlington,Top 5 Percent,546944,133245,0.322,-0.115
2016,"34005",Burlington,All,102206,-1253,-0.012,0.219
2016,"34005",Burlington,"5th Quintile",321657,55239,0.207,0.000
2016,"34005",Burlington,"4th Quintile",154591,7086,0.048,0.159
2016,"34005",Burlington,"3rd Quintile",101930,-496,-0.005,0.212
2016,"34005",Burlington,"2nd Quintile",65341,-732,-0.011,0.218
2016,"34005",Burlington,"1st Quintile",27712,-1069,-0.037,0.244
2015,"34005",Burlington,Top 5 Percent,490912,77213,0.187,-0.086
2015,"34005",Burlington,All,96490,-6969,-0.067,0.168
2015,"34005",Burlington,"5th Quintile",293450,27032,0.101,0.000
2015,"34005",Burlington,"4th Quintile",145266,-2239,-0.015,0.116
2015,"34005",Burlington,"3rd Quintile",96024,-6402,-0.063,0.164
2015,"34005",Burlington,"2nd Quintile",59487,-6586,-0.100,0.201
2015,"34005",Burlington,"1st Quintile",24303,-4478,-0.156,0.257
2014,"34005",Burlington,Top 5 Percent,498804,85105,0.206,-0.073
2014,"34005",Burlington,All,104534,1075,0.010,0.123
2014,"34005",Burlington,"5th Quintile",301840,35422,0.133,0.000
2014,"34005",Burlington,"4th Quintile",154610,7105,0.048,0.085
2014,"34005",Burlington,"3rd Quintile",104554,2128,0.021,0.112
2014,"34005",Burlington,"2nd Quintile",62766,-3307,-0.050,0.183
2014,"34005",Burlington,"1st Quintile",24987,-3794,-0.132,0.265
2013,"34005",Burlington,Top 5 Percent,465249,51550,0.125,-0.042
2013,"34005",Burlington,All,101681,-1778,-0.017,0.100
2013,"34005",Burlington,"5th Quintile",288453,22035,0.083,0.000
2013,"34005",Burlington,"4th Quintile",147908,403,0.003,0.080
2013,"34005",Burlington,"3rd Quintile",101862,-564,-0.006,0.089
2013,"34005",Burlington,"2nd Quintile",67936,1863,0.028,0.055
2013,"34005",Burlington,"1st Quintile",28757,-24,-0.001,0.084
2012,"34005",Burlington,Top 5 Percent,527791,114092,0.276,-0.131
2012,"34005",Burlington,All,99613,-3846,-0.037,0.182
2012,"34005",Burlington,"5th Quintile",305165,38747,0.145,0.000
2012,"34005",Burlington,"4th Quintile",146802,-703,-0.005,0.150
2012,"34005",Burlington,"3rd Quintile",99315,-3111,-0.030,0.175
2012,"34005",Burlington,"2nd Quintile",62111,-3962,-0.060,0.205
2012,"34005",Burlington,"1st Quintile",25551,-3230,-0.112,0.257
2023,"34005",Burlington,Top 5 Percent,507144,93445,0.226,-0.077
2023,"34005",Burlington,All,102532,-927,-0.009,0.158
2023,"34005",Burlington,"5th Quintile",306194,39776,0.149,0.000
2023,"34005",Burlington,"4th Quintile",153233,5728,0.039,0.110
2023,"34005",Burlington,"3rd Quintile",102219,-207,-0.002,0.151
2023,"34005",Burlington,"2nd Quintile",65632,-441,-0.007,0.156
2023,"34005",Burlington,"1st Quintile",26151,-2630,-0.091,0.240
2022,"34005",Burlington,Top 5 Percent,559928,146229,0.353,-0.130
2022,"34005",Burlington,All,104623,1164,0.011,0.212
2022,"34005",Burlington,"5th Quintile",325952,59534,0.223,0.000
2022,"34005",Burlington,"4th Quintile",156366,8861,0.060,0.163
2022,"34005",Burlington,"3rd Quintile",103961,1535,0.015,0.208
2022,"34005",Burlington,"2nd Quintile",65230,-843,-0.013,0.236
2022,"34005",Burlington,"1st Quintile",26120,-2661,-0.092,0.315
2021,"34005",Burlington,Top 5 Percent,524862,111163,0.269,-0.081
2021,"34005",Burlington,All,106244,2785,0.027,0.161
2021,"34005",Burlington,"5th Quintile",316394,49976,0.188,0.000
2021,"34005",Burlington,"4th Quintile",160660,13155,0.089,0.099
2021,"34005",Burlington,"3rd Quintile",106858,4432,0.043,0.145
2021,"34005",Burlington,"2nd Quintile",66595,522,0.008,0.180
2021,"34005",Burlington,"1st Quintile",24890,-3891,-0.135,0.323
2019,"34005",Burlington,Top 5 Percent,549440,135741,0.328,-0.114
2019,"34005",Burlington,All,106164,2705,0.026,0.188
2019,"34005",Burlington,"5th Quintile",323366,56948,0.214,0.000
2019,"34005",Burlington,"4th Quintile",158702,11197,0.076,0.138
2019,"34005",Burlington,"3rd Quintile",106354,3928,0.038,0.176
2019,"34005",Burlington,"2nd Quintile",69288,3215,0.049,0.165
2019,"34005",Burlington,"1st Quintile",29395,614,0.021,0.193
2018,"34005",Burlington,Top 5 Percent,602107,188408,0.455,-0.199
2018,"34005",Burlington,All,103334,-125,-0.001,0.257
2018,"34005",Burlington,"5th Quintile",334666,68248,0.256,0.000
2018,"34005",Burlington,"4th Quintile",155018,7513,0.051,0.205
2018,"34005",Burlington,"3rd Quintile",103236,810,0.008,0.248
2018,"34005",Burlington,"2nd Quintile",65767,-306,-0.005,0.261
2018,"34005",Burlington,"1st Quintile",27587,-1194,-0.041,0.297
2011,"34007",Camden,Top 5 Percent,397688,-27520,-0.065,0.007
2011,"34007",Camden,All,78674,-7802,-0.090,0.032
2011,"34007",Camden,"5th Quintile",243367,-15015,-0.058,0.000
2011,"34007",Camden,"4th Quintile",124911,-4763,-0.037,-0.021
2011,"34007",Camden,"3rd Quintile",79515,-7481,-0.086,0.028
2011,"34007",Camden,"2nd Quintile",46586,-6602,-0.124,0.066
2011,"34007",Camden,"1st Quintile",16376,-3454,-0.174,0.116
2010,"34007",Camden,Top 5 Percent,426048,840,0.002,-0.025
2010,"34007",Camden,All,80576,-5900,-0.068,0.045
2010,"34007",Camden,"5th Quintile",252500,-5882,-0.023,0.000
2010,"34007",Camden,"4th Quintile",125291,-4383,-0.034,0.011
2010,"34007",Camden,"3rd Quintile",81517,-5479,-0.063,0.040
2010,"34007",Camden,"2nd Quintile",46998,-6190,-0.116,0.093
2010,"34007",Camden,"1st Quintile",17531,-2299,-0.116,0.093
2009,"34007",Camden,Top 5 Percent,475162,49954,0.117,-0.063
2009,"34007",Camden,All,87013,537,0.006,0.048
2009,"34007",Camden,"5th Quintile",272441,14059,0.054,0.000
2009,"34007",Camden,"4th Quintile",134109,4435,0.034,0.020
2009,"34007",Camden,"3rd Quintile",87767,771,0.009,0.045
2009,"34007",Camden,"2nd Quintile",51216,-1972,-0.037,0.091
2009,"34007",Camden,"1st Quintile",18540,-1290,-0.065,0.119
2008,"34007",Camden,Top 5 Percent,440436,15228,0.036,-0.024
2008,"34007",Camden,All,86881,405,0.005,0.007
2008,"34007",Camden,"5th Quintile",261470,3088,0.012,0.000
2008,"34007",Camden,"4th Quintile",135042,5368,0.041,-0.029
2008,"34007",Camden,"3rd Quintile",87628,632,0.007,0.005
2008,"34007",Camden,"2nd Quintile",52056,-1132,-0.021,0.033
2008,"34007",Camden,"1st Quintile",18875,-955,-0.048,0.060
2007,"34007",Camden,Top 5 Percent,375231,-49977,-0.118,0.052
2007,"34007",Camden,All,87597,1121,0.013,-0.079
2007,"34007",Camden,"5th Quintile",241326,-17056,-0.066,0.000
2007,"34007",Camden,"4th Quintile",130201,527,0.004,-0.070
2007,"34007",Camden,"3rd Quintile",86960,-36,0.000,-0.066
2007,"34007",Camden,"2nd Quintile",52861,-327,-0.006,-0.060
2007,"34007",Camden,"1st Quintile",19910,80,0.004,-0.070
2006,"34007",Camden,Top 5 Percent,425208,0,0.000,0.000
2006,"34007",Camden,All,86476,0,0.000,0.000
2006,"34007",Camden,"5th Quintile",258382,0,0.000,0.000
2006,"34007",Camden,"4th Quintile",129674,0,0.000,0.000
2006,"34007",Camden,"3rd Quintile",86996,0,0.000,0.000
2006,"34007",Camden,"2nd Quintile",53188,0,0.000,0.000
2006,"34007",Camden,"1st Quintile",19830,0,0.000,0.000
2017,"34007",Camden,Top 5 Percent,462688,37480,0.088,-0.019
2017,"34007",Camden,All,82547,-3929,-0.045,0.114
2017,"34007",Camden,"5th Quintile",276262,17880,0.069,0.000
2017,"34007",Camden,"4th Quintile",130816,1142,0.009,0.060
2017,"34007",Camden,"3rd Quintile",82465,-4531,-0.052,0.121
2017,"34007",Camden,"2nd Quintile",46253,-6935,-0.130,0.199
2017,"34007",Camden,"1st Quintile",16194,-3636,-0.183,0.252
2016,"34007",Camden,Top 5 Percent,471542,46334,0.109,-0.025
2016,"34007",Camden,All,84514,-1962,-0.023,0.107
2016,"34007",Camden,"5th Quintile",280132,21750,0.084,0.000
2016,"34007",Camden,"4th Quintile",132729,3055,0.024,0.060
2016,"34007",Camden,"3rd Quintile",85094,-1902,-0.022,0.106
2016,"34007",Camden,"2nd Quintile",48036,-5152,-0.097,0.181
2016,"34007",Camden,"1st Quintile",16840,-2990,-0.151,0.235
2015,"34007",Camden,Top 5 Percent,434459,9251,0.022,-0.004
2015,"34007",Camden,All,83881,-2595,-0.030,0.048
2015,"34007",Camden,"5th Quintile",263102,4720,0.018,0.000
2015,"34007",Camden,"4th Quintile",133403,3729,0.029,-0.011
2015,"34007",Camden,"3rd Quintile",83484,-3512,-0.040,0.058
2015,"34007",Camden,"2nd Quintile",47564,-5624,-0.106,0.124
2015,"34007",Camden,"1st Quintile",15884,-3946,-0.199,0.217
2014,"34007",Camden,Top 5 Percent,439964,14756,0.035,-0.018
2014,"34007",Camden,All,80543,-5933,-0.069,0.086
2014,"34007",Camden,"5th Quintile",262685,4303,0.017,0.000
2014,"34007",Camden,"4th Quintile",128677,-997,-0.008,0.025
2014,"34007",Camden,"3rd Quintile",80371,-6625,-0.076,0.093
2014,"34007",Camden,"2nd Quintile",44943,-8245,-0.155,0.172
2014,"34007",Camden,"1st Quintile",15531,-4299,-0.217,0.234
2013,"34007",Camden,Top 5 Percent,424260,-948,-0.002,-0.029
2013,"34007",Camden,All,76205,-10271,-0.119,0.088
2013,"34007",Camden,"5th Quintile",250278,-8104,-0.031,0.000
2013,"34007",Camden,"4th Quintile",122592,-7082,-0.055,0.024
2013,"34007",Camden,"3rd Quintile",77362,-9634,-0.111,0.080
2013,"34007",Camden,"2nd Quintile",42957,-10231,-0.192,0.161
2013,"34007",Camden,"1st Quintile",14544,-5286,-0.267,0.236
2012,"34007",Camden,Top 5 Percent,452275,27067,0.064,-0.055
2012,"34007",Camden,All,79058,-7418,-0.086,0.095
2012,"34007",Camden,"5th Quintile",260829,2447,0.009,0.000
2012,"34007",Camden,"4th Quintile",124097,-5577,-0.043,0.052
2012,"34007",Camden,"3rd Quintile",79320,-7676,-0.088,0.097
2012,"34007",Camden,"2nd Quintile",44846,-8342,-0.157,0.166
2012,"34007",Camden,"1st Quintile",15881,-3949,-0.199,0.208
2023,"34007",Camden,Top 5 Percent,464153,38945,0.092,-0.033
2023,"34007",Camden,All,83763,-2713,-0.031,0.090
2023,"34007",Camden,"5th Quintile",273594,15212,0.059,0.000
2023,"34007",Camden,"4th Quintile",130640,966,0.007,0.052
2023,"34007",Camden,"3rd Quintile",84638,-2358,-0.027,0.086
2023,"34007",Camden,"2nd Quintile",48593,-4595,-0.086,0.145
2023,"34007",Camden,"1st Quintile",16834,-2996,-0.151,0.210
2022,"34007",Camden,Top 5 Percent,477423,52215,0.123,-0.030
2022,"34007",Camden,All,85141,-1335,-0.015,0.108
2022,"34007",Camden,"5th Quintile",282536,24154,0.093,0.000
2022,"34007",Camden,"4th Quintile",134251,4577,0.035,0.058
2022,"34007",Camden,"3rd Quintile",85549,-1447,-0.017,0.110
2022,"34007",Camden,"2nd Quintile",49866,-3322,-0.062,0.155
2022,"34007",Camden,"1st Quintile",15645,-4185,-0.211,0.304
2021,"34007",Camden,Top 5 Percent,512361,87153,0.205,-0.080
2021,"34007",Camden,All,88180,1704,0.020,0.105
2021,"34007",Camden,"5th Quintile",290781,32399,0.125,0.000
2021,"34007",Camden,"4th Quintile",136765,7091,0.055,0.070
2021,"34007",Camden,"3rd Quintile",89153,2157,0.025,0.100
2021,"34007",Camden,"2nd Quintile",51568,-1620,-0.030,0.155
2021,"34007",Camden,"1st Quintile",16924,-2906,-0.147,0.272
2019,"34007",Camden,Top 5 Percent,549900,124692,0.293,-0.110
2019,"34007",Camden,All,88081,1605,0.019,0.164
2019,"34007",Camden,"5th Quintile",305565,47183,0.183,0.000
2019,"34007",Camden,"4th Quintile",138804,9130,0.070,0.113
2019,"34007",Camden,"3rd Quintile",88692,1696,0.019,0.164
2019,"34007",Camden,"2nd Quintile",51408,-1780,-0.033,0.216
2019,"34007",Camden,"1st Quintile",18130,-1700,-0.086,0.269
2018,"34007",Camden,Top 5 Percent,492021,66813,0.157,-0.083
2018,"34007",Camden,All,82195,-4281,-0.050,0.124
2018,"34007",Camden,"5th Quintile",277601,19219,0.074,0.000
2018,"34007",Camden,"4th Quintile",132295,2621,0.020,0.054
2018,"34007",Camden,"3rd Quintile",82672,-4324,-0.050,0.124
2018,"34007",Camden,"2nd Quintile",45351,-7837,-0.147,0.221
2018,"34007",Camden,"1st Quintile",16408,-3422,-0.173,0.247
2011,"42029",Chester,Top 5 Percent,546429,-64288,-0.105,0.014
2011,"42029",Chester,All,107778,-10085,-0.086,-0.005
2011,"42029",Chester,"5th Quintile",337106,-33589,-0.091,0.000
2011,"42029",Chester,"4th Quintile",164892,-14488,-0.081,-0.010
2011,"42029",Chester,"3rd Quintile",107000,-11205,-0.095,0.004
2011,"42029",Chester,"2nd Quintile",66156,-7722,-0.105,0.014
2011,"42029",Chester,"1st Quintile",26623,-1005,-0.036,-0.055
2010,"42029",Chester,Top 5 Percent,632652,21935,0.036,-0.058
2010,"42029",Chester,All,118414,551,0.005,-0.027
2010,"42029",Chester,"5th Quintile",362670,-8025,-0.022,0.000
2010,"42029",Chester,"4th Quintile",173217,-6163,-0.034,0.012
2010,"42029",Chester,"3rd Quintile",118491,286,0.002,-0.024
2010,"42029",Chester,"2nd Quintile",72864,-1014,-0.014,-0.008
2010,"42029",Chester,"1st Quintile",29539,1911,0.069,-0.091
2009,"42029",Chester,Top 5 Percent,708499,97782,0.160,-0.096
2009,"42029",Chester,All,116351,-1512,-0.013,0.077
2009,"42029",Chester,"5th Quintile",394330,23635,0.064,0.000
2009,"42029",Chester,"4th Quintile",177903,-1477,-0.008,0.072
2009,"42029",Chester,"3rd Quintile",116855,-1350,-0.011,0.075
2009,"42029",Chester,"2nd Quintile",70302,-3576,-0.048,0.112
2009,"42029",Chester,"1st Quintile",28311,683,0.025,0.039
2008,"42029",Chester,Top 5 Percent,676709,65992,0.108,-0.061
2008,"42029",Chester,All,121973,4110,0.035,0.012
2008,"42029",Chester,"5th Quintile",388186,17491,0.047,0.000
2008,"42029",Chester,"4th Quintile",179249,-131,-0.001,0.048
2008,"42029",Chester,"3rd Quintile",122197,3992,0.034,0.013
2008,"42029",Chester,"2nd Quintile",77560,3682,0.050,-0.003
2008,"42029",Chester,"1st Quintile",32027,4399,0.159,-0.112
2007,"42029",Chester,Top 5 Percent,736604,125887,0.206,-0.124
2007,"42029",Chester,All,122846,4983,0.042,0.040
2007,"42029",Chester,"5th Quintile",401044,30349,0.082,0.000
2007,"42029",Chester,"4th Quintile",179469,89,0.000,0.082
2007,"42029",Chester,"3rd Quintile",122936,4731,0.040,0.042
2007,"42029",Chester,"2nd Quintile",77733,3855,0.052,0.030
2007,"42029",Chester,"1st Quintile",31479,3851,0.139,-0.057
2006,"42029",Chester,Top 5 Percent,610717,0,0.000,0.000
2006,"42029",Chester,All,117863,0,0.000,0.000
2006,"42029",Chester,"5th Quintile",370695,0,0.000,0.000
2006,"42029",Chester,"4th Quintile",179380,0,0.000,0.000
2006,"42029",Chester,"3rd Quintile",118205,0,0.000,0.000
2006,"42029",Chester,"2nd Quintile",73878,0,0.000,0.000
2006,"42029",Chester,"1st Quintile",27628,0,0.000,0.000
2017,"42029",Chester,Top 5 Percent,707102,96385,0.158,-0.096
2017,"42029",Chester,All,120532,2669,0.023,0.039
2017,"42029",Chester,"5th Quintile",393560,22865,0.062,0.000
2017,"42029",Chester,"4th Quintile",180430,1050,0.006,0.056
2017,"42029",Chester,"3rd Quintile",121352,3147,0.027,0.035
2017,"42029",Chester,"2nd Quintile",74529,651,0.009,0.053
2017,"42029",Chester,"1st Quintile",28232,604,0.022,0.040
2016,"42029",Chester,Top 5 Percent,746936,136219,0.223,-0.124
2016,"42029",Chester,All,117683,-180,-0.002,0.101
2016,"42029",Chester,"5th Quintile",407376,36681,0.099,0.000
2016,"42029",Chester,"4th Quintile",178867,-513,-0.003,0.102
2016,"42029",Chester,"3rd Quintile",117667,-538,-0.005,0.104
2016,"42029",Chester,"2nd Quintile",69464,-4414,-0.060,0.159
2016,"42029",Chester,"1st Quintile",26433,-1195,-0.043,0.142
2015,"42029",Chester,Top 5 Percent,640149,29432,0.048,-0.027
2015,"42029",Chester,All,116747,-1116,-0.009,0.030
2015,"42029",Chester,"5th Quintile",378658,7963,0.021,0.000
2015,"42029",Chester,"4th Quintile",179151,-229,-0.001,0.022
2015,"42029",Chester,"3rd Quintile",116712,-1493,-0.013,0.034
2015,"42029",Chester,"2nd Quintile",70060,-3818,-0.052,0.073
2015,"42029",Chester,"1st Quintile",30138,2510,0.091,-0.070
2014,"42029",Chester,Top 5 Percent,628263,17546,0.029,-0.037
2014,"42029",Chester,All,110319,-7544,-0.064,0.056
2014,"42029",Chester,"5th Quintile",367589,-3106,-0.008,0.000
2014,"42029",Chester,"4th Quintile",172493,-6887,-0.038,0.030
2014,"42029",Chester,"3rd Quintile",110851,-7354,-0.062,0.054
2014,"42029",Chester,"2nd Quintile",66047,-7831,-0.106,0.098
2014,"42029",Chester,"1st Quintile",26712,-916,-0.033,0.025
2013,"42029",Chester,Top 5 Percent,620805,10088,0.017,-0.038
2013,"42029",Chester,All,109872,-7991,-0.068,0.047
2013,"42029",Chester,"5th Quintile",362874,-7821,-0.021,0.000
2013,"42029",Chester,"4th Quintile",171083,-8297,-0.046,0.025
2013,"42029",Chester,"3rd Quintile",110822,-7383,-0.062,0.041
2013,"42029",Chester,"2nd Quintile",66872,-7006,-0.095,0.074
2013,"42029",Chester,"1st Quintile",27020,-608,-0.022,0.001
2012,"42029",Chester,Top 5 Percent,607650,-3067,-0.005,-0.039
2012,"42029",Chester,All,109947,-7916,-0.067,0.023
2012,"42029",Chester,"5th Quintile",354318,-16377,-0.044,0.000
2012,"42029",Chester,"4th Quintile",167989,-11391,-0.064,0.020
2012,"42029",Chester,"3rd Quintile",110863,-7342,-0.062,0.018
2012,"42029",Chester,"2nd Quintile",67468,-6410,-0.087,0.043
2012,"42029",Chester,"1st Quintile",25546,-2082,-0.075,0.031
2023,"42029",Chester,Top 5 Percent,669842,59125,0.097,-0.031
2023,"42029",Chester,All,120903,3040,0.026,0.040
2023,"42029",Chester,"5th Quintile",395148,24453,0.066,0.000
2023,"42029",Chester,"4th Quintile",185743,6363,0.035,0.031
2023,"42029",Chester,"3rd Quintile",122135,3930,0.033,0.033
2023,"42029",Chester,"2nd Quintile",75354,1476,0.020,0.046
2023,"42029",Chester,"1st Quintile",28936,1308,0.047,0.019
2022,"42029",Chester,Top 5 Percent,656131,45414,0.074,-0.013
2022,"42029",Chester,All,122068,4205,0.036,0.025
2022,"42029",Chester,"5th Quintile",393195,22500,0.061,0.000
2022,"42029",Chester,"4th Quintile",187298,7918,0.044,0.017
2022,"42029",Chester,"3rd Quintile",123173,4968,0.042,0.019
2022,"42029",Chester,"2nd Quintile",78370,4492,0.061,0.000
2022,"42029",Chester,"1st Quintile",30369,2741,0.099,-0.038
2021,"42029",Chester,Top 5 Percent,657239,46522,0.076,-0.007
2021,"42029",Chester,All,123356,5493,0.047,0.022
2021,"42029",Chester,"5th Quintile",396136,25441,0.069,0.000
2021,"42029",Chester,"4th Quintile",187729,8349,0.047,0.022
2021,"42029",Chester,"3rd Quintile",123919,5714,0.048,0.021
2021,"42029",Chester,"2nd Quintile",78031,4153,0.056,0.013
2021,"42029",Chester,"1st Quintile",29801,2173,0.079,-0.010
2019,"42029",Chester,Top 5 Percent,800966,190249,0.312,-0.108
2019,"42029",Chester,All,121969,4106,0.035,0.169
2019,"42029",Chester,"5th Quintile",446235,75540,0.204,0.000
2019,"42029",Chester,"4th Quintile",193156,13776,0.077,0.127
2019,"42029",Chester,"3rd Quintile",122173,3968,0.034,0.170
2019,"42029",Chester,"2nd Quintile",75016,1138,0.015,0.189
2019,"42029",Chester,"1st Quintile",29574,1946,0.070,0.134
2018,"42029",Chester,Top 5 Percent,659428,48711,0.080,-0.027
2018,"42029",Chester,All,120656,2793,0.024,0.029
2018,"42029",Chester,"5th Quintile",390196,19501,0.053,0.000
2018,"42029",Chester,"4th Quintile",181914,2534,0.014,0.039
2018,"42029",Chester,"3rd Quintile",120431,2226,0.019,0.034
2018,"42029",Chester,"2nd Quintile",74784,906,0.012,0.041
2018,"42029",Chester,"1st Quintile",29132,1504,0.054,-0.001
2011,"42045",Delaware,Top 5 Percent,504352,21784,0.045,-0.003
2011,"42045",Delaware,All,81830,-1747,-0.021,0.063
2011,"42045",Delaware,"5th Quintile",292240,11767,0.042,0.000
2011,"42045",Delaware,"4th Quintile",132040,-960,-0.007,0.049
2011,"42045",Delaware,"3rd Quintile",81898,-2334,-0.028,0.070
2011,"42045",Delaware,"2nd Quintile",49121,-2543,-0.049,0.091
2011,"42045",Delaware,"1st Quintile",20257,-207,-0.010,0.052
2010,"42045",Delaware,Top 5 Percent,455546,-27022,-0.056,0.032
2010,"42045",Delaware,All,83067,-510,-0.006,-0.018
2010,"42045",Delaware,"5th Quintile",273772,-6701,-0.024,0.000
2010,"42045",Delaware,"4th Quintile",131421,-1579,-0.012,-0.012
2010,"42045",Delaware,"3rd Quintile",83264,-968,-0.011,-0.013
2010,"42045",Delaware,"2nd Quintile",50099,-1565,-0.030,0.006
2010,"42045",Delaware,"1st Quintile",20706,242,0.012,-0.036
2009,"42045",Delaware,Top 5 Percent,511254,28686,0.059,-0.016
2009,"42045",Delaware,All,89068,5491,0.066,-0.023
2009,"42045",Delaware,"5th Quintile",292660,12187,0.043,0.000
2009,"42045",Delaware,"4th Quintile",137697,4697,0.035,0.008
2009,"42045",Delaware,"3rd Quintile",89769,5537,0.066,-0.023
2009,"42045",Delaware,"2nd Quintile",52291,627,0.012,0.031
2009,"42045",Delaware,"1st Quintile",20283,-181,-0.009,0.052
2008,"42045",Delaware,Top 5 Percent,579480,96912,0.201,-0.071
2008,"42045",Delaware,All,92513,8936,0.107,0.023
2008,"42045",Delaware,"5th Quintile",316913,36440,0.130,0.000
2008,"42045",Delaware,"4th Quintile",142358,9358,0.070,0.060
2008,"42045",Delaware,"3rd Quintile",92259,8027,0.095,0.035
2008,"42045",Delaware,"2nd Quintile",56928,5264,0.102,0.028
2008,"42045",Delaware,"1st Quintile",22081,1617,0.079,0.051
2007,"42045",Delaware,Top 5 Percent,533652,51084,0.106,-0.043
2007,"42045",Delaware,All,88991,5414,0.065,-0.002
2007,"42045",Delaware,"5th Quintile",298154,17681,0.063,0.000
2007,"42045",Delaware,"4th Quintile",135409,2409,0.018,0.045
2007,"42045",Delaware,"3rd Quintile",88484,4252,0.050,0.013
2007,"42045",Delaware,"2nd Quintile",53702,2038,0.039,0.024
2007,"42045",Delaware,"1st Quintile",20289,-175,-0.009,0.072
2006,"42045",Delaware,Top 5 Percent,482568,0,0.000,0.000
2006,"42045",Delaware,All,83577,0,0.000,0.000
2006,"42045",Delaware,"5th Quintile",280473,0,0.000,0.000
2006,"42045",Delaware,"4th Quintile",133000,0,0.000,0.000
2006,"42045",Delaware,"3rd Quintile",84232,0,0.000,0.000
2006,"42045",Delaware,"2nd Quintile",51664,0,0.000,0.000
2006,"42045",Delaware,"1st Quintile",20464,0,0.000,0.000
2017,"42045",Delaware,Top 5 Percent,634928,152360,0.316,-0.098
2017,"42045",Delaware,All,92097,8520,0.102,0.116
2017,"42045",Delaware,"5th Quintile",341710,61237,0.218,0.000
2017,"42045",Delaware,"4th Quintile",146129,13129,0.099,0.119
2017,"42045",Delaware,"3rd Quintile",92444,8212,0.097,0.121
2017,"42045",Delaware,"2nd Quintile",53942,2278,0.044,0.174
2017,"42045",Delaware,"1st Quintile",19426,-1038,-0.051,0.269
2016,"42045",Delaware,Top 5 Percent,550037,67469,0.140,-0.028
2016,"42045",Delaware,All,86536,2959,0.035,0.077
2016,"42045",Delaware,"5th Quintile",311983,31510,0.112,0.000
2016,"42045",Delaware,"4th Quintile",141677,8677,0.065,0.047
2016,"42045",Delaware,"3rd Quintile",87127,2895,0.034,0.078
2016,"42045",Delaware,"2nd Quintile",50530,-1134,-0.022,0.134
2016,"42045",Delaware,"1st Quintile",19136,-1328,-0.065,0.177
2015,"42045",Delaware,Top 5 Percent,541403,58835,0.122,-0.033
2015,"42045",Delaware,All,87182,3605,0.043,0.046
2015,"42045",Delaware,"5th Quintile",305471,24998,0.089,0.000
2015,"42045",Delaware,"4th Quintile",139434,6434,0.048,0.041
2015,"42045",Delaware,"3rd Quintile",88395,4163,0.049,0.040
2015,"42045",Delaware,"2nd Quintile",53071,1407,0.027,0.062
2015,"42045",Delaware,"1st Quintile",20704,240,0.012,0.077
2014,"42045",Delaware,Top 5 Percent,560021,77453,0.161,-0.089
2014,"42045",Delaware,All,81400,-2177,-0.026,0.098
2014,"42045",Delaware,"5th Quintile",300567,20094,0.072,0.000
2014,"42045",Delaware,"4th Quintile",128956,-4044,-0.030,0.102
2014,"42045",Delaware,"3rd Quintile",81842,-2390,-0.028,0.100
2014,"42045",Delaware,"2nd Quintile",48516,-3148,-0.061,0.133
2014,"42045",Delaware,"1st Quintile",18263,-2201,-0.108,0.180
2013,"42045",Delaware,Top 5 Percent,564869,82301,0.171,-0.076
2013,"42045",Delaware,All,85159,1582,0.019,0.076
2013,"42045",Delaware,"5th Quintile",307056,26583,0.095,0.000
2013,"42045",Delaware,"4th Quintile",134958,1958,0.015,0.080
2013,"42045",Delaware,"3rd Quintile",85045,813,0.010,0.085
2013,"42045",Delaware,"2nd Quintile",49257,-2407,-0.047,0.142
2013,"42045",Delaware,"1st Quintile",18533,-1931,-0.094,0.189
2012,"42045",Delaware,Top 5 Percent,515371,32803,0.068,-0.038
2012,"42045",Delaware,All,81438,-2139,-0.026,0.056
2012,"42045",Delaware,"5th Quintile",288834,8361,0.030,0.000
2012,"42045",Delaware,"4th Quintile",132017,-983,-0.007,0.037
2012,"42045",Delaware,"3rd Quintile",82026,-2206,-0.026,0.056
2012,"42045",Delaware,"2nd Quintile",46970,-4694,-0.091,0.121
2012,"42045",Delaware,"1st Quintile",18011,-2453,-0.120,0.150
2023,"42045",Delaware,Top 5 Percent,574130,91562,0.190,-0.032
2023,"42045",Delaware,All,84085,508,0.006,0.152
2023,"42045",Delaware,"5th Quintile",324889,44416,0.158,0.000
2023,"42045",Delaware,"4th Quintile",136413,3413,0.026,0.132
2023,"42045",Delaware,"3rd Quintile",85017,785,0.009,0.149
2023,"42045",Delaware,"2nd Quintile",49405,-2259,-0.044,0.202
2023,"42045",Delaware,"1st Quintile",18239,-2225,-0.109,0.267
2022,"42045",Delaware,Top 5 Percent,606891,124323,0.258,-0.085
2022,"42045",Delaware,All,87423,3846,0.046,0.127
2022,"42045",Delaware,"5th Quintile",328896,48423,0.173,0.000
2022,"42045",Delaware,"4th Quintile",138726,5726,0.043,0.130
2022,"42045",Delaware,"3rd Quintile",87573,3341,0.040,0.133
2022,"42045",Delaware,"2nd Quintile",52979,1315,0.025,0.148
2022,"42045",Delaware,"1st Quintile",18320,-2144,-0.105,0.278
2021,"42045",Delaware,Top 5 Percent,600648,118080,0.245,-0.037
2021,"42045",Delaware,All,88037,4460,0.053,0.155
2021,"42045",Delaware,"5th Quintile",338929,58456,0.208,0.000
2021,"42045",Delaware,"4th Quintile",145082,12082,0.091,0.117
2021,"42045",Delaware,"3rd Quintile",89409,5177,0.061,0.147
2021,"42045",Delaware,"2nd Quintile",52463,799,0.015,0.193
2021,"42045",Delaware,"1st Quintile",19270,-1194,-0.058,0.266
2019,"42045",Delaware,Top 5 Percent,641193,158625,0.329,-0.088
2019,"42045",Delaware,All,92465,8888,0.106,0.135
2019,"42045",Delaware,"5th Quintile",348089,67616,0.241,0.000
2019,"42045",Delaware,"4th Quintile",146757,13757,0.103,0.138
2019,"42045",Delaware,"3rd Quintile",92949,8717,0.103,0.138
2019,"42045",Delaware,"2nd Quintile",53184,1520,0.029,0.212
2019,"42045",Delaware,"1st Quintile",20252,-212,-0.010,0.251
2018,"42045",Delaware,Top 5 Percent,585954,103386,0.214,-0.046
2018,"42045",Delaware,All,87699,4122,0.049,0.119
2018,"42045",Delaware,"5th Quintile",327626,47153,0.168,0.000
2018,"42045",Delaware,"4th Quintile",142007,9007,0.068,0.100
2018,"42045",Delaware,"3rd Quintile",88130,3898,0.046,0.122
2018,"42045",Delaware,"2nd Quintile",52634,970,0.019,0.149
2018,"42045",Delaware,"1st Quintile",20779,315,0.015,0.153
2011,"34015",Gloucester,Top 5 Percent,404344,13287,0.034,-0.028
2011,"34015",Gloucester,All,97825,-3612,-0.036,0.042
2011,"34015",Gloucester,"5th Quintile",263381,1532,0.006,0.000
2011,"34015",Gloucester,"4th Quintile",147422,-1578,-0.011,0.017
2011,"34015",Gloucester,"3rd Quintile",99045,-1744,-0.017,0.023
2011,"34015",Gloucester,"2nd Quintile",60941,-2525,-0.040,0.046
2011,"34015",Gloucester,"1st Quintile",25410,1002,0.041,-0.035
2010,"34015",Gloucester,Top 5 Percent,394978,3921,0.010,0.003
2010,"34015",Gloucester,All,99068,-2369,-0.023,0.036
2010,"34015",Gloucester,"5th Quintile",265184,3335,0.013,0.000
2010,"34015",Gloucester,"4th Quintile",141025,-7975,-0.054,0.067
2010,"34015",Gloucester,"3rd Quintile",98211,-2578,-0.026,0.039
2010,"34015",Gloucester,"2nd Quintile",61483,-1983,-0.031,0.044
2010,"34015",Gloucester,"1st Quintile",22520,-1888,-0.077,0.090
2009,"34015",Gloucester,Top 5 Percent,387179,-3878,-0.010,-0.024
2009,"34015",Gloucester,All,100635,-802,-0.008,-0.026
2009,"34015",Gloucester,"5th Quintile",253073,-8776,-0.034,0.000
2009,"34015",Gloucester,"4th Quintile",146125,-2875,-0.019,-0.015
2009,"34015",Gloucester,"3rd Quintile",100589,-200,-0.002,-0.032
2009,"34015",Gloucester,"2nd Quintile",64878,1412,0.022,-0.056
2009,"34015",Gloucester,"1st Quintile",25246,838,0.034,-0.068
2008,"34015",Gloucester,Top 5 Percent,377372,-13685,-0.035,0.012
2008,"34015",Gloucester,All,100782,-655,-0.006,-0.017
2008,"34015",Gloucester,"5th Quintile",255782,-6067,-0.023,0.000
2008,"34015",Gloucester,"4th Quintile",146225,-2775,-0.019,-0.004
2008,"34015",Gloucester,"3rd Quintile",100747,-42,0.000,-0.023
2008,"34015",Gloucester,"2nd Quintile",65084,1618,0.025,-0.048
2008,"34015",Gloucester,"1st Quintile",25562,1154,0.047,-0.070
2007,"34015",Gloucester,Top 5 Percent,374079,-16978,-0.043,0.021
2007,"34015",Gloucester,All,104725,3288,0.032,-0.054
2007,"34015",Gloucester,"5th Quintile",256113,-5736,-0.022,0.000
2007,"34015",Gloucester,"4th Quintile",147063,-1937,-0.013,-0.009
2007,"34015",Gloucester,"3rd Quintile",104732,3943,0.039,-0.061
2007,"34015",Gloucester,"2nd Quintile",65189,1723,0.027,-0.049
2007,"34015",Gloucester,"1st Quintile",24635,227,0.009,-0.031
2006,"34015",Gloucester,Top 5 Percent,391057,0,0.000,0.000
2006,"34015",Gloucester,All,101437,0,0.000,0.000
2006,"34015",Gloucester,"5th Quintile",261849,0,0.000,0.000
2006,"34015",Gloucester,"4th Quintile",149000,0,0.000,0.000
2006,"34015",Gloucester,"3rd Quintile",100789,0,0.000,0.000
2006,"34015",Gloucester,"2nd Quintile",63466,0,0.000,0.000
2006,"34015",Gloucester,"1st Quintile",24408,0,0.000,0.000
2017,"34015",Gloucester,Top 5 Percent,445741,54684,0.140,-0.054
2017,"34015",Gloucester,All,107862,6425,0.063,0.023
2017,"34015",Gloucester,"5th Quintile",284350,22501,0.086,0.000
2017,"34015",Gloucester,"4th Quintile",153306,4306,0.029,0.057
2017,"34015",Gloucester,"3rd Quintile",107474,6685,0.066,0.020
2017,"34015",Gloucester,"2nd Quintile",64511,1045,0.016,0.070
2017,"34015",Gloucester,"1st Quintile",26111,1703,0.070,0.016
2016,"34015",Gloucester,Top 5 Percent,405112,14055,0.036,-0.005
2016,"34015",Gloucester,All,101728,291,0.003,0.028
2016,"34015",Gloucester,"5th Quintile",270032,8183,0.031,0.000
2016,"34015",Gloucester,"4th Quintile",150917,1917,0.013,0.018
2016,"34015",Gloucester,"3rd Quintile",101733,944,0.009,0.022
2016,"34015",Gloucester,"2nd Quintile",60962,-2504,-0.039,0.070
2016,"34015",Gloucester,"1st Quintile",23472,-936,-0.038,0.069
2015,"34015",Gloucester,Top 5 Percent,446853,55796,0.143,-0.073
2015,"34015",Gloucester,All,100057,-1380,-0.014,0.084
2015,"34015",Gloucester,"5th Quintile",280097,18248,0.070,0.000
2015,"34015",Gloucester,"4th Quintile",145952,-3048,-0.020,0.090
2015,"34015",Gloucester,"3rd Quintile",99917,-872,-0.009,0.079
2015,"34015",Gloucester,"2nd Quintile",59668,-3798,-0.060,0.130
2015,"34015",Gloucester,"1st Quintile",23251,-1157,-0.047,0.117
2014,"34015",Gloucester,Top 5 Percent,435386,44329,0.113,-0.063
2014,"34015",Gloucester,All,102994,1557,0.015,0.035
2014,"34015",Gloucester,"5th Quintile",274844,12995,0.050,0.000
2014,"34015",Gloucester,"4th Quintile",149732,732,0.005,0.045
2014,"34015",Gloucester,"3rd Quintile",102668,1879,0.019,0.031
2014,"34015",Gloucester,"2nd Quintile",61545,-1921,-0.030,0.080
2014,"34015",Gloucester,"1st Quintile",22023,-2385,-0.098,0.148
2013,"34015",Gloucester,Top 5 Percent,392637,1580,0.004,-0.025
2013,"34015",Gloucester,All,93742,-7695,-0.076,0.055
2013,"34015",Gloucester,"5th Quintile",256445,-5404,-0.021,0.000
2013,"34015",Gloucester,"4th Quintile",142675,-6325,-0.042,0.021
2013,"34015",Gloucester,"3rd Quintile",94348,-6441,-0.064,0.043
2013,"34015",Gloucester,"2nd Quintile",57577,-5889,-0.093,0.072
2013,"34015",Gloucester,"1st Quintile",23127,-1281,-0.052,0.031
2012,"34015",Gloucester,Top 5 Percent,389436,-1621,-0.004,-0.010
2012,"34015",Gloucester,All,97262,-4175,-0.041,0.027
2012,"34015",Gloucester,"5th Quintile",258083,-3766,-0.014,0.000
2012,"34015",Gloucester,"4th Quintile",146199,-2801,-0.019,0.005
2012,"34015",Gloucester,"3rd Quintile",98279,-2510,-0.025,0.011
2012,"34015",Gloucester,"2nd Quintile",62202,-1264,-0.020,0.006
2012,"34015",Gloucester,"1st Quintile",23501,-907,-0.037,0.023
2023,"34015",Gloucester,Top 5 Percent,399886,8829,0.023,-0.009
2023,"34015",Gloucester,All,97474,-3963,-0.039,0.053
2023,"34015",Gloucester,"5th Quintile",265643,3794,0.014,0.000
2023,"34015",Gloucester,"4th Quintile",147190,-1810,-0.012,0.026
2023,"34015",Gloucester,"3rd Quintile",98094,-2695,-0.027,0.041
2023,"34015",Gloucester,"2nd Quintile",60834,-2632,-0.041,0.055
2023,"34015",Gloucester,"1st Quintile",21745,-2663,-0.109,0.123
2022,"34015",Gloucester,Top 5 Percent,401876,10819,0.028,-0.001
2022,"34015",Gloucester,All,102356,919,0.009,0.018
2022,"34015",Gloucester,"5th Quintile",268915,7066,0.027,0.000
2022,"34015",Gloucester,"4th Quintile",153141,4141,0.028,-0.001
2022,"34015",Gloucester,"3rd Quintile",102613,1824,0.018,0.009
2022,"34015",Gloucester,"2nd Quintile",62421,-1045,-0.016,0.043
2022,"34015",Gloucester,"1st Quintile",23305,-1103,-0.045,0.072
2021,"34015",Gloucester,Top 5 Percent,486174,95117,0.243,-0.084
2021,"34015",Gloucester,All,106261,4824,0.048,0.111
2021,"34015",Gloucester,"5th Quintile",303390,41541,0.159,0.000
2021,"34015",Gloucester,"4th Quintile",160645,11645,0.078,0.081
2021,"34015",Gloucester,"3rd Quintile",106992,6203,0.062,0.097
2021,"34015",Gloucester,"2nd Quintile",65042,1576,0.025,0.134
2021,"34015",Gloucester,"1st Quintile",24466,58,0.002,0.157
2019,"34015",Gloucester,Top 5 Percent,462730,71673,0.183,-0.059
2019,"34015",Gloucester,All,106941,5504,0.054,0.070
2019,"34015",Gloucester,"5th Quintile",294404,32555,0.124,0.000
2019,"34015",Gloucester,"4th Quintile",158617,9617,0.065,0.059
2019,"34015",Gloucester,"3rd Quintile",105380,4591,0.046,0.078
2019,"34015",Gloucester,"2nd Quintile",63418,-48,-0.001,0.125
2019,"34015",Gloucester,"1st Quintile",23646,-762,-0.031,0.155
2018,"34015",Gloucester,Top 5 Percent,416909,25852,0.066,0.003
2018,"34015",Gloucester,All,99634,-1803,-0.018,0.087
2018,"34015",Gloucester,"5th Quintile",279872,18023,0.069,0.000
2018,"34015",Gloucester,"4th Quintile",150807,1807,0.012,0.057
2018,"34015",Gloucester,"3rd Quintile",100942,153,0.002,0.067
2018,"34015",Gloucester,"2nd Quintile",61670,-1796,-0.028,0.097
2018,"34015",Gloucester,"1st Quintile",25505,1097,0.045,0.024
2011,"34021",Mercer,Top 5 Percent,609004,-90933,-0.130,0.088
2011,"34021",Mercer,All,100602,1375,0.014,-0.056
2011,"34021",Mercer,"5th Quintile",347361,-15092,-0.042,0.000
2011,"34021",Mercer,"4th Quintile",155618,-113,-0.001,-0.041
2011,"34021",Mercer,"3rd Quintile",100312,685,0.007,-0.049
2011,"34021",Mercer,"2nd Quintile",57953,-1444,-0.024,-0.018
2011,"34021",Mercer,"1st Quintile",19125,-2905,-0.132,0.090
2010,"34021",Mercer,Top 5 Percent,585312,-114625,-0.164,0.097
2010,"34021",Mercer,All,99689,462,0.005,-0.072
2010,"34021",Mercer,"5th Quintile",338012,-24441,-0.067,0.000
2010,"34021",Mercer,"4th Quintile",157084,1353,0.009,-0.076
2010,"34021",Mercer,"3rd Quintile",99617,-10,0.000,-0.067
2010,"34021",Mercer,"2nd Quintile",56872,-2525,-0.043,-0.024
2010,"34021",Mercer,"1st Quintile",21268,-762,-0.035,-0.032
2009,"34021",Mercer,Top 5 Percent,673996,-25941,-0.037,0.059
2009,"34021",Mercer,All,102295,3068,0.031,-0.009
2009,"34021",Mercer,"5th Quintile",370299,7846,0.022,0.000
2009,"34021",Mercer,"4th Quintile",159251,3520,0.023,-0.001
2009,"34021",Mercer,"3rd Quintile",102934,3307,0.033,-0.011
2009,"34021",Mercer,"2nd Quintile",59831,434,0.007,0.015
2009,"34021",Mercer,"1st Quintile",20506,-1524,-0.069,0.091
2008,"34021",Mercer,Top 5 Percent,644985,-54952,-0.079,0.080
2008,"34021",Mercer,All,104998,5771,0.058,-0.057
2008,"34021",Mercer,"5th Quintile",362916,463,0.001,0.000
2008,"34021",Mercer,"4th Quintile",164966,9235,0.059,-0.058
2008,"34021",Mercer,"3rd Quintile",104784,5157,0.052,-0.051
2008,"34021",Mercer,"2nd Quintile",61603,2206,0.037,-0.036
2008,"34021",Mercer,"1st Quintile",21772,-258,-0.012,0.013
2007,"34021",Mercer,Top 5 Percent,601858,-98079,-0.140,0.115
2007,"34021",Mercer,All,103804,4577,0.046,-0.071
2007,"34021",Mercer,"5th Quintile",353331,-9122,-0.025,0.000
2007,"34021",Mercer,"4th Quintile",163511,7780,0.050,-0.075
2007,"34021",Mercer,"3rd Quintile",103791,4164,0.042,-0.067
2007,"34021",Mercer,"2nd Quintile",61764,2367,0.040,-0.065
2007,"34021",Mercer,"1st Quintile",23016,986,0.045,-0.070
2006,"34021",Mercer,Top 5 Percent,699937,0,0.000,0.000
2006,"34021",Mercer,All,99227,0,0.000,0.000
2006,"34021",Mercer,"5th Quintile",362453,0,0.000,0.000
2006,"34021",Mercer,"4th Quintile",155731,0,0.000,0.000
2006,"34021",Mercer,"3rd Quintile",99627,0,0.000,0.000
2006,"34021",Mercer,"2nd Quintile",59397,0,0.000,0.000
2006,"34021",Mercer,"1st Quintile",22030,0,0.000,0.000
2017,"34021",Mercer,Top 5 Percent,712419,12482,0.018,0.069
2017,"34021",Mercer,All,98730,-497,-0.005,0.092
2017,"34021",Mercer,"5th Quintile",394052,31599,0.087,0.000
2017,"34021",Mercer,"4th Quintile",160990,5259,0.034,0.053
2017,"34021",Mercer,"3rd Quintile",98295,-1332,-0.013,0.100
2017,"34021",Mercer,"2nd Quintile",55708,-3689,-0.062,0.149
2017,"34021",Mercer,"1st Quintile",18416,-3614,-0.164,0.251
2016,"34021",Mercer,Top 5 Percent,688138,-11799,-0.017,0.058
2016,"34021",Mercer,All,98889,-338,-0.003,0.044
2016,"34021",Mercer,"5th Quintile",377478,15025,0.041,0.000
2016,"34021",Mercer,"4th Quintile",158374,2643,0.017,0.024
2016,"34021",Mercer,"3rd Quintile",99591,-36,0.000,0.041
2016,"34021",Mercer,"2nd Quintile",56832,-2565,-0.043,0.084
2016,"34021",Mercer,"1st Quintile",18497,-3533,-0.160,0.201
2015,"34021",Mercer,Top 5 Percent,593049,-106888,-0.153,0.101
2015,"34021",Mercer,All,93416,-5811,-0.059,0.007
2015,"34021",Mercer,"5th Quintile",343742,-18711,-0.052,0.000
2015,"34021",Mercer,"4th Quintile",153177,-2554,-0.016,-0.036
2015,"34021",Mercer,"3rd Quintile",94765,-4862,-0.049,-0.003
2015,"34021",Mercer,"2nd Quintile",53845,-5552,-0.093,0.041
2015,"34021",Mercer,"1st Quintile",19450,-2580,-0.117,0.065
2014,"34021",Mercer,Top 5 Percent,622652,-77285,-0.110,0.088
2014,"34021",Mercer,All,96865,-2362,-0.024,0.002
2014,"34021",Mercer,"5th Quintile",354509,-7944,-0.022,0.000
2014,"34021",Mercer,"4th Quintile",154994,-737,-0.005,-0.017
2014,"34021",Mercer,"3rd Quintile",96718,-2909,-0.029,0.007
2014,"34021",Mercer,"2nd Quintile",55035,-4362,-0.073,0.051
2014,"34021",Mercer,"1st Quintile",18203,-3827,-0.174,0.152
2013,"34021",Mercer,Top 5 Percent,584838,-115099,-0.164,0.098
2013,"34021",Mercer,All,93088,-6139,-0.062,-0.004
2013,"34021",Mercer,"5th Quintile",338362,-24091,-0.066,0.000
2013,"34021",Mercer,"4th Quintile",148251,-7480,-0.048,-0.018
2013,"34021",Mercer,"3rd Quintile",93203,-6424,-0.064,-0.002
2013,"34021",Mercer,"2nd Quintile",54248,-5149,-0.087,0.021
2013,"34021",Mercer,"1st Quintile",18436,-3594,-0.163,0.097
2012,"34021",Mercer,Top 5 Percent,643250,-56687,-0.081,0.048
2012,"34021",Mercer,All,90675,-8552,-0.086,0.053
2012,"34021",Mercer,"5th Quintile",350333,-12120,-0.033,0.000
2012,"34021",Mercer,"4th Quintile",149312,-6419,-0.041,0.008
2012,"34021",Mercer,"3rd Quintile",92606,-7021,-0.070,0.037
2012,"34021",Mercer,"2nd Quintile",53476,-5921,-0.100,0.067
2012,"34021",Mercer,"1st Quintile",18816,-3214,-0.146,0.113
2023,"34021",Mercer,Top 5 Percent,603976,-95961,-0.137,0.105
2023,"34021",Mercer,All,96152,-3075,-0.031,-0.001
2023,"34021",Mercer,"5th Quintile",350890,-11563,-0.032,0.000
2023,"34021",Mercer,"4th Quintile",153979,-1752,-0.011,-0.021
2023,"34021",Mercer,"3rd Quintile",93783,-5844,-0.059,0.027
2023,"34021",Mercer,"2nd Quintile",51782,-7615,-0.128,0.096
2023,"34021",Mercer,"1st Quintile",17038,-4992,-0.227,0.195
2022,"34021",Mercer,Top 5 Percent,603230,-96707,-0.138,0.111
2022,"34021",Mercer,All,99614,387,0.004,-0.031
2022,"34021",Mercer,"5th Quintile",352726,-9727,-0.027,0.000
2022,"34021",Mercer,"4th Quintile",159836,4105,0.026,-0.053
2022,"34021",Mercer,"3rd Quintile",100315,688,0.007,-0.034
2022,"34021",Mercer,"2nd Quintile",57038,-2359,-0.040,0.013
2022,"34021",Mercer,"1st Quintile",16523,-5507,-0.250,0.223
2021,"34021",Mercer,Top 5 Percent,682302,-17635,-0.025,0.061
2021,"34021",Mercer,All,98664,-563,-0.006,0.042
2021,"34021",Mercer,"5th Quintile",375322,12869,0.036,0.000
2021,"34021",Mercer,"4th Quintile",155829,98,0.001,0.035
2021,"34021",Mercer,"3rd Quintile",98837,-790,-0.008,0.044
2021,"34021",Mercer,"2nd Quintile",57514,-1883,-0.032,0.068
2021,"34021",Mercer,"1st Quintile",17377,-4653,-0.211,0.247
2019,"34021",Mercer,Top 5 Percent,658484,-41453,-0.059,0.070
2019,"34021",Mercer,All,95039,-4188,-0.042,0.053
2019,"34021",Mercer,"5th Quintile",366420,3967,0.011,0.000
2019,"34021",Mercer,"4th Quintile",156547,816,0.005,0.006
2019,"34021",Mercer,"3rd Quintile",96689,-2938,-0.029,0.040
2019,"34021",Mercer,"2nd Quintile",54560,-4837,-0.081,0.092
2019,"34021",Mercer,"1st Quintile",15140,-6890,-0.313,0.324
2018,"34021",Mercer,Top 5 Percent,668492,-31445,-0.045,0.060
2018,"34021",Mercer,All,98152,-1075,-0.011,0.026
2018,"34021",Mercer,"5th Quintile",367753,5300,0.015,0.000
2018,"34021",Mercer,"4th Quintile",156661,930,0.006,0.009
2018,"34021",Mercer,"3rd Quintile",99466,-161,-0.002,0.017
2018,"34021",Mercer,"2nd Quintile",56263,-3134,-0.053,0.068
2018,"34021",Mercer,"1st Quintile",18050,-3980,-0.181,0.196
2011,"42091",Montgomery,Top 5 Percent,606728,-11887,-0.019,0.001
2011,"42091",Montgomery,All,103775,-4379,-0.040,0.022
2011,"42091",Montgomery,"5th Quintile",340239,-6088,-0.018,0.000
2011,"42091",Montgomery,"4th Quintile",156927,-3365,-0.021,0.003
2011,"42091",Montgomery,"3rd Quintile",104055,-4461,-0.041,0.023
2011,"42091",Montgomery,"2nd Quintile",63394,-4709,-0.069,0.051
2011,"42091",Montgomery,"1st Quintile",24426,-3242,-0.117,0.099
2010,"42091",Montgomery,Top 5 Percent,604908,-13707,-0.022,0.010
2010,"42091",Montgomery,All,106000,-2154,-0.020,0.008
2010,"42091",Montgomery,"5th Quintile",342074,-4253,-0.012,0.000
2010,"42091",Montgomery,"4th Quintile",159218,-1074,-0.007,-0.005
2010,"42091",Montgomery,"3rd Quintile",105716,-2800,-0.026,0.014
2010,"42091",Montgomery,"2nd Quintile",65536,-2567,-0.038,0.026
2010,"42091",Montgomery,"1st Quintile",27408,-260,-0.009,-0.003
2009,"42091",Montgomery,Top 5 Percent,651025,32410,0.052,-0.015
2009,"42091",Montgomery,All,106873,-1281,-0.012,0.049
2009,"42091",Montgomery,"5th Quintile",359274,12947,0.037,0.000
2009,"42091",Montgomery,"4th Quintile",159429,-863,-0.005,0.042
2009,"42091",Montgomery,"3rd Quintile",107545,-971,-0.009,0.046
2009,"42091",Montgomery,"2nd Quintile",68022,-81,-0.001,0.038
2009,"42091",Montgomery,"1st Quintile",27655,-13,0.000,0.037
2008,"42091",Montgomery,Top 5 Percent,657806,39191,0.063,-0.024
2008,"42091",Montgomery,All,111104,2950,0.027,0.012
2008,"42091",Montgomery,"5th Quintile",359843,13516,0.039,0.000
2008,"42091",Montgomery,"4th Quintile",164584,4292,0.027,0.012
2008,"42091",Montgomery,"3rd Quintile",111170,2654,0.024,0.015
2008,"42091",Montgomery,"2nd Quintile",67635,-468,-0.007,0.046
2008,"42091",Montgomery,"1st Quintile",26784,-884,-0.032,0.071
2007,"42091",Montgomery,Top 5 Percent,720885,102270,0.165,-0.066
2007,"42091",Montgomery,All,109333,1179,0.011,0.088
2007,"42091",Montgomery,"5th Quintile",380491,34164,0.099,0.000
2007,"42091",Montgomery,"4th Quintile",163175,2883,0.018,0.081
2007,"42091",Montgomery,"3rd Quintile",109151,635,0.006,0.093
2007,"42091",Montgomery,"2nd Quintile",67438,-665,-0.010,0.109
2007,"42091",Montgomery,"1st Quintile",27737,69,0.002,0.097
2006,"42091",Montgomery,Top 5 Percent,618615,0,0.000,0.000
2006,"42091",Montgomery,All,108154,0,0.000,0.000
2006,"42091",Montgomery,"5th Quintile",346327,0,0.000,0.000
2006,"42091",Montgomery,"4th Quintile",160292,0,0.000,0.000
2006,"42091",Montgomery,"3rd Quintile",108516,0,0.000,0.000
2006,"42091",Montgomery,"2nd Quintile",68103,0,0.000,0.000
2006,"42091",Montgomery,"1st Quintile",27668,0,0.000,0.000
2017,"42091",Montgomery,Top 5 Percent,710912,92297,0.149,-0.025
2017,"42091",Montgomery,All,108870,716,0.007,0.117
2017,"42091",Montgomery,"5th Quintile",389306,42979,0.124,0.000
2017,"42091",Montgomery,"4th Quintile",171031,10739,0.067,0.057
2017,"42091",Montgomery,"3rd Quintile",110290,1774,0.016,0.108
2017,"42091",Montgomery,"2nd Quintile",67854,-249,-0.004,0.128
2017,"42091",Montgomery,"1st Quintile",26527,-1141,-0.041,0.165
2016,"42091",Montgomery,Top 5 Percent,652916,34301,0.055,-0.008
2016,"42091",Montgomery,All,107120,-1034,-0.010,0.057
2016,"42091",Montgomery,"5th Quintile",362670,16343,0.047,0.000
2016,"42091",Montgomery,"4th Quintile",162274,1982,0.012,0.035
2016,"42091",Montgomery,"3rd Quintile",107688,-828,-0.008,0.055
2016,"42091",Montgomery,"2nd Quintile",64797,-3306,-0.049,0.096
2016,"42091",Montgomery,"1st Quintile",26074,-1594,-0.058,0.105
2015,"42091",Montgomery,Top 5 Percent,678822,60207,0.097,-0.025
2015,"42091",Montgomery,All,107396,-758,-0.007,0.079
2015,"42091",Montgomery,"5th Quintile",371274,24947,0.072,0.000
2015,"42091",Montgomery,"4th Quintile",162241,1949,0.012,0.060
2015,"42091",Montgomery,"3rd Quintile",107451,-1065,-0.010,0.082
2015,"42091",Montgomery,"2nd Quintile",65157,-2946,-0.043,0.115
2015,"42091",Montgomery,"1st Quintile",25472,-2196,-0.079,0.151
2014,"42091",Montgomery,Top 5 Percent,609117,-9498,-0.015,0.003
2014,"42091",Montgomery,All,102724,-5430,-0.050,0.038
2014,"42091",Montgomery,"5th Quintile",342082,-4245,-0.012,0.000
2014,"42091",Montgomery,"4th Quintile",156353,-3939,-0.025,0.013
2014,"42091",Montgomery,"3rd Quintile",102602,-5914,-0.054,0.042
2014,"42091",Montgomery,"2nd Quintile",62103,-6000,-0.088,0.076
2014,"42091",Montgomery,"1st Quintile",25091,-2577,-0.093,0.081
2013,"42091",Montgomery,Top 5 Percent,663738,45123,0.073,-0.032
2013,"42091",Montgomery,All,101052,-7102,-0.066,0.107
2013,"42091",Montgomery,"5th Quintile",360448,14121,0.041,0.000
2013,"42091",Montgomery,"4th Quintile",156986,-3306,-0.021,0.062
2013,"42091",Montgomery,"3rd Quintile",101447,-7069,-0.065,0.106
2013,"42091",Montgomery,"2nd Quintile",60578,-7525,-0.110,0.151
2013,"42091",Montgomery,"1st Quintile",23521,-4147,-0.150,0.191
2012,"42091",Montgomery,Top 5 Percent,608782,-9833,-0.016,0.008
2012,"42091",Montgomery,All,102627,-5527,-0.051,0.043
2012,"42091",Montgomery,"5th Quintile",343406,-2921,-0.008,0.000
2012,"42091",Montgomery,"4th Quintile",154882,-5410,-0.034,0.026
2012,"42091",Montgomery,"3rd Quintile",102699,-5817,-0.054,0.046
2012,"42091",Montgomery,"2nd Quintile",62671,-5432,-0.080,0.072
2012,"42091",Montgomery,"1st Quintile",24503,-3165,-0.114,0.106
2023,"42091",Montgomery,Top 5 Percent,724853,106238,0.172,-0.044
2023,"42091",Montgomery,All,106748,-1406,-0.013,0.141
2023,"42091",Montgomery,"5th Quintile",390757,44430,0.128,0.000
2023,"42091",Montgomery,"4th Quintile",167201,6909,0.043,0.085
2023,"42091",Montgomery,"3rd Quintile",107419,-1097,-0.010,0.138
2023,"42091",Montgomery,"2nd Quintile",64682,-3421,-0.050,0.178
2023,"42091",Montgomery,"1st Quintile",23264,-4404,-0.159,0.287
2022,"42091",Montgomery,Top 5 Percent,710951,92336,0.149,-0.006
2022,"42091",Montgomery,All,111217,3063,0.028,0.115
2022,"42091",Montgomery,"5th Quintile",395720,49393,0.143,0.000
2022,"42091",Montgomery,"4th Quintile",172704,12412,0.077,0.066
2022,"42091",Montgomery,"3rd Quintile",112025,3509,0.032,0.111
2022,"42091",Montgomery,"2nd Quintile",67297,-806,-0.012,0.155
2022,"42091",Montgomery,"1st Quintile",25485,-2183,-0.079,0.222
2021,"42091",Montgomery,Top 5 Percent,685885,67270,0.109,0.004
2021,"42091",Montgomery,All,115810,7656,0.071,0.042
2021,"42091",Montgomery,"5th Quintile",385447,39120,0.113,0.000
2021,"42091",Montgomery,"4th Quintile",176358,16066,0.100,0.013
2021,"42091",Montgomery,"3rd Quintile",116425,7909,0.073,0.040
2021,"42091",Montgomery,"2nd Quintile",69846,1743,0.026,0.087
2021,"42091",Montgomery,"1st Quintile",24755,-2913,-0.105,0.218
2019,"42091",Montgomery,Top 5 Percent,679836,61221,0.099,-0.002
2019,"42091",Montgomery,All,110355,2201,0.020,0.077
2019,"42091",Montgomery,"5th Quintile",380085,33758,0.097,0.000
2019,"42091",Montgomery,"4th Quintile",171557,11265,0.070,0.027
2019,"42091",Montgomery,"3rd Quintile",111427,2911,0.027,0.070
2019,"42091",Montgomery,"2nd Quintile",69239,1136,0.017,0.080
2019,"42091",Montgomery,"1st Quintile",27209,-459,-0.017,0.114
2018,"42091",Montgomery,Top 5 Percent,702960,84345,0.136,-0.021
2018,"42091",Montgomery,All,109704,1550,0.014,0.101
2018,"42091",Montgomery,"5th Quintile",386094,39767,0.115,0.000
2018,"42091",Montgomery,"4th Quintile",169888,9596,0.060,0.055
2018,"42091",Montgomery,"3rd Quintile",109243,727,0.007,0.108
2018,"42091",Montgomery,"2nd Quintile",67383,-720,-0.011,0.126
2018,"42091",Montgomery,"1st Quintile",26472,-1196,-0.043,0.158
2011,"42101",Philadelphia,Top 5 Percent,317573,21023,0.071,-0.055
2011,"42101",Philadelphia,All,46573,-3917,-0.078,0.094
2011,"42101",Philadelphia,"5th Quintile",182698,2928,0.016,0.000
2011,"42101",Philadelphia,"4th Quintile",80201,-3881,-0.046,0.062
2011,"42101",Philadelphia,"3rd Quintile",46965,-3660,-0.072,0.088
2011,"42101",Philadelphia,"2nd Quintile",25204,-1895,-0.070,0.086
2011,"42101",Philadelphia,"1st Quintile",8560,-163,-0.019,0.035
2010,"42101",Philadelphia,Top 5 Percent,314489,17939,0.060,-0.043
2010,"42101",Philadelphia,All,48330,-2160,-0.043,0.060
2010,"42101",Philadelphia,"5th Quintile",182784,3014,0.017,0.000
2010,"42101",Philadelphia,"4th Quintile",81461,-2621,-0.031,0.048
2010,"42101",Philadelphia,"3rd Quintile",48475,-2150,-0.042,0.059
2010,"42101",Philadelphia,"2nd Quintile",25649,-1450,-0.054,0.071
2010,"42101",Philadelphia,"1st Quintile",7997,-726,-0.083,0.100
2009,"42101",Philadelphia,Top 5 Percent,354227,57677,0.194,-0.085
2009,"42101",Philadelphia,All,52889,2399,0.048,0.061
2009,"42101",Philadelphia,"5th Quintile",199362,19592,0.109,0.000
2009,"42101",Philadelphia,"4th Quintile",87648,3566,0.042,0.067
2009,"42101",Philadelphia,"3rd Quintile",53164,2539,0.050,0.059
2009,"42101",Philadelphia,"2nd Quintile",28411,1312,0.048,0.061
2009,"42101",Philadelphia,"1st Quintile",9087,364,0.042,0.067
2008,"42101",Philadelphia,Top 5 Percent,309883,13333,0.045,-0.023
2008,"42101",Philadelphia,All,52607,2117,0.042,-0.020
2008,"42101",Philadelphia,"5th Quintile",183751,3981,0.022,0.000
2008,"42101",Philadelphia,"4th Quintile",85743,1661,0.020,0.002
2008,"42101",Philadelphia,"3rd Quintile",52852,2227,0.044,-0.022
2008,"42101",Philadelphia,"2nd Quintile",28149,1050,0.039,-0.017
2008,"42101",Philadelphia,"1st Quintile",9589,866,0.099,-0.077
2007,"42101",Philadelphia,Top 5 Percent,342115,45565,0.154,-0.081
2007,"42101",Philadelphia,All,52251,1761,0.035,0.038
2007,"42101",Philadelphia,"5th Quintile",192940,13170,0.073,0.000
2007,"42101",Philadelphia,"4th Quintile",86667,2585,0.031,0.042
2007,"42101",Philadelphia,"3rd Quintile",52453,1828,0.036,0.037
2007,"42101",Philadelphia,"2nd Quintile",29094,1995,0.074,-0.001
2007,"42101",Philadelphia,"1st Quintile",10232,1509,0.173,-0.100
2006,"42101",Philadelphia,Top 5 Percent,296550,0,0.000,0.000
2006,"42101",Philadelphia,All,50490,0,0.000,0.000
2006,"42101",Philadelphia,"5th Quintile",179770,0,0.000,0.000
2006,"42101",Philadelphia,"4th Quintile",84082,0,0.000,0.000
2006,"42101",Philadelphia,"3rd Quintile",50625,0,0.000,0.000
2006,"42101",Philadelphia,"2nd Quintile",27099,0,0.000,0.000
2006,"42101",Philadelphia,"1st Quintile",8723,0,0.000,0.000
2017,"42101",Philadelphia,Top 5 Percent,398278,101728,0.343,-0.129
2017,"42101",Philadelphia,All,49580,-910,-0.018,0.232
2017,"42101",Philadelphia,"5th Quintile",218218,38448,0.214,0.000
2017,"42101",Philadelphia,"4th Quintile",88331,4249,0.051,0.163
2017,"42101",Philadelphia,"3rd Quintile",49651,-974,-0.019,0.233
2017,"42101",Philadelphia,"2nd Quintile",23041,-4058,-0.150,0.364
2017,"42101",Philadelphia,"1st Quintile",3956,-4767,-0.546,0.760
2016,"42101",Philadelphia,Top 5 Percent,362118,65568,0.221,-0.062
2016,"42101",Philadelphia,All,52786,2296,0.045,0.114
2016,"42101",Philadelphia,"5th Quintile",208285,28515,0.159,0.000
2016,"42101",Philadelphia,"4th Quintile",90046,5964,0.071,0.088
2016,"42101",Philadelphia,"3rd Quintile",52972,2347,0.046,0.113
2016,"42101",Philadelphia,"2nd Quintile",28353,1254,0.046,0.113
2016,"42101",Philadelphia,"1st Quintile",7860,-863,-0.099,0.258
2015,"42101",Philadelphia,Top 5 Percent,356784,60234,0.203,-0.064
2015,"42101",Philadelphia,All,53190,2700,0.053,0.086
2015,"42101",Philadelphia,"5th Quintile",204730,24960,0.139,0.000
2015,"42101",Philadelphia,"4th Quintile",89140,5058,0.060,0.079
2015,"42101",Philadelphia,"3rd Quintile",53305,2680,0.053,0.086
2015,"42101",Philadelphia,"2nd Quintile",28804,1705,0.063,0.076
2015,"42101",Philadelphia,"1st Quintile",9505,782,0.090,0.049
2014,"42101",Philadelphia,Top 5 Percent,366657,70107,0.236,-0.120
2014,"42101",Philadelphia,All,50452,-38,-0.001,0.117
2014,"42101",Philadelphia,"5th Quintile",200592,20822,0.116,0.000
2014,"42101",Philadelphia,"4th Quintile",82772,-1310,-0.016,0.132
2014,"42101",Philadelphia,"3rd Quintile",50289,-336,-0.007,0.123
2014,"42101",Philadelphia,"2nd Quintile",27530,431,0.016,0.100
2014,"42101",Philadelphia,"1st Quintile",9071,348,0.040,0.076
2013,"42101",Philadelphia,Top 5 Percent,354114,57564,0.194,-0.111
2013,"42101",Philadelphia,All,48393,-2097,-0.042,0.125
2013,"42101",Philadelphia,"5th Quintile",194617,14847,0.083,0.000
2013,"42101",Philadelphia,"4th Quintile",80622,-3460,-0.041,0.124
2013,"42101",Philadelphia,"3rd Quintile",48599,-2026,-0.040,0.123
2013,"42101",Philadelphia,"2nd Quintile",26363,-736,-0.027,0.110
2013,"42101",Philadelphia,"1st Quintile",8549,-174,-0.020,0.103
2012,"42101",Philadelphia,Top 5 Percent,342567,46017,0.155,-0.095
2012,"42101",Philadelphia,All,47192,-3298,-0.065,0.125
2012,"42101",Philadelphia,"5th Quintile",190617,10847,0.060,0.000
2012,"42101",Philadelphia,"4th Quintile",80697,-3385,-0.040,0.100
2012,"42101",Philadelphia,"3rd Quintile",47643,-2982,-0.059,0.119
2012,"42101",Philadelphia,"2nd Quintile",26213,-886,-0.033,0.093
2012,"42101",Philadelphia,"1st Quintile",8831,108,0.012,0.048
2023,"42101",Philadelphia,Top 5 Percent,423218,126668,0.427,-0.135
2023,"42101",Philadelphia,All,60302,9812,0.194,0.098
2023,"42101",Philadelphia,"5th Quintile",232221,52451,0.292,0.000
2023,"42101",Philadelphia,"4th Quintile",98037,13955,0.166,0.126
2023,"42101",Philadelphia,"3rd Quintile",60108,9483,0.187,0.105
2023,"42101",Philadelphia,"2nd Quintile",32686,5587,0.206,0.086
2023,"42101",Philadelphia,"1st Quintile",9469,746,0.086,0.206
2022,"42101",Philadelphia,Top 5 Percent,410223,113673,0.383,-0.085
2022,"42101",Philadelphia,All,58848,8358,0.166,0.132
2022,"42101",Philadelphia,"5th Quintile",233314,53544,0.298,0.000
2022,"42101",Philadelphia,"4th Quintile",98309,14227,0.169,0.129
2022,"42101",Philadelphia,"3rd Quintile",58928,8303,0.164,0.134
2022,"42101",Philadelphia,"2nd Quintile",31579,4480,0.165,0.133
2022,"42101",Philadelphia,"1st Quintile",9473,750,0.086,0.212
2021,"42101",Philadelphia,Top 5 Percent,412388,115838,0.391,-0.086
2021,"42101",Philadelphia,All,59538,9048,0.179,0.126
2021,"42101",Philadelphia,"5th Quintile",234570,54800,0.305,0.000
2021,"42101",Philadelphia,"4th Quintile",102083,18001,0.214,0.091
2021,"42101",Philadelphia,"3rd Quintile",60123,9498,0.188,0.117
2021,"42101",Philadelphia,"2nd Quintile",31470,4371,0.161,0.144
2021,"42101",Philadelphia,"1st Quintile",9204,481,0.055,0.250
2019,"42101",Philadelphia,Top 5 Percent,455604,159054,0.536,-0.189
2019,"42101",Philadelphia,All,56759,6269,0.124,0.223
2019,"42101",Philadelphia,"5th Quintile",242223,62453,0.347,0.000
2019,"42101",Philadelphia,"4th Quintile",94739,10657,0.127,0.220
2019,"42101",Philadelphia,"3rd Quintile",56793,6168,0.122,0.225
2019,"42101",Philadelphia,"2nd Quintile",31407,4308,0.159,0.188
2019,"42101",Philadelphia,"1st Quintile",9719,996,0.114,0.233
2018,"42101",Philadelphia,Top 5 Percent,423792,127242,0.429,-0.143
2018,"42101",Philadelphia,All,56136,5646,0.112,0.174
2018,"42101",Philadelphia,"5th Quintile",231130,51360,0.286,0.000
2018,"42101",Philadelphia,"4th Quintile",94396,10314,0.123,0.163
2018,"42101",Philadelphia,"3rd Quintile",55898,5273,0.104,0.182
2018,"42101",Philadelphia,"2nd Quintile",29310,2211,0.082,0.204
2018,"42101",Philadelphia,"1st Quintile",9383,660,0.076,0.210
